salut tu va bien je      5       5      51
      5       5      51
      5       5      51
      5       5      51
      5       5      51
      5       5      51
      5       5      51
      5       5      51
      5       5      51
      5       5      51
      5       5      51
      5       5      51
      5       5      51      5       5      51
      5       5      51
      5       5      51
      5       5      51
      5       5      51
      5       5      51
      5       5      51
      5       5      51
      5       5      51
